image: complicated_2.pgm
resolution: 0.050000
origin: [-21.600000, -15.200000, 0.000000]
negate: 0
occupied_thresh: 0.65
free_thresh: 0.196

